484770.43529 4216312.79949,484741.80911 4216394.30215
484161.74036 4213888.84710,483796.61055 4213927.25674,483595.52809 4213946.01235,483397.47295 4213967.55099,483360.36491 4213966.47655
484534.18271 4216624.78099,484503.97052 4216513.06254
483953.20000 4215029.70000,483979.13915 4215111.57706,483987.89050 4215127.41571,484028.95573 4215196.52167,484040.61823 4215212.73417,484052.28073 4215228.94667,484073.06961 4215260.99559,484124.45514 4215347.10994,484043.87953 4215414.26279
484417.79880 4216237.62203,484355.60507 4216306.14897
484238.99058 4216765.38061,484302.51643 4216809.92370
484302.51643 4216809.92370,484347.51779 4216770.96882,484369.76059 4216755.01264,484453.18976 4216685.40809,484534.18271 4216624.78099
484611.47500 4216463.72500,484561.10000 4216487.10000,484503.97052 4216513.06254
484534.18271 4216624.78099,484665.21483 4216628.37162,484652.45844 4216591.73107,484611.47500 4216463.72500
484355.60507 4216306.14897,484274.95223 4216381.17359,484106.06439 4216471.60857,484070.50510 4216361.86473,484065.57505 4216346.67646,483941.86483 4216374.68135,483942.44513 4216479.31180,483950.59471 4216530.05456,483971.05000 4216607.80000,483999.94701 4216722.14886
483405.49659 4216696.79353,483491.08921 4216816.86991,483739.60000 4216803.60000,483871.05000 4216758.45000,483936.77500 4216735.87500,483999.94701 4216722.14886
484268.19935 4216286.46463,484320.80282 4216264.24280,484325.02106 4216262.12794,484336.88407 4216256.18030,484417.79880 4216237.62203
484741.80911 4216394.30215,484645.89396 4216443.34427,484635.82067 4216450.22330
484635.82067 4216450.22330,484622.26588 4216457.61541,484611.47500 4216463.72500
484043.87953 4215414.26279,484024.00000 4215388.90000,483929.00000 4215255.80000,483925.28235 4215249.86801
484417.79880 4216237.62203,484362.71453 4216073.55619
484362.71453 4216073.55619,484337.45552 4215998.32345,484298.65870 4215908.63606,484248.80000 4215823.60000,484213.62500 4215773.50000,484178.45000 4215723.40000,484143.27500 4215673.30000,484108.10000 4215623.20000,484095.59894 4215606.39859,484045.45729 4215541.44692,484002.23586 4215489.03663,483954.23958 4215441.76390,483859.11585 4215339.07282,483925.28235 4215249.86801
484043.87953 4215414.26279,484088.57656 4215473.79522,484286.88766 4215577.34961
484286.88766 4215577.34961,484449.90000 4215679.70000,484497.40000 4215791.15000,484543.91080 4215902.74657,484537.43820 4215989.41696,484530.72500 4216032.50000,484526.00000 4216075.80000,484512.90000 4216134.60000,484527.26511 4216225.22805,484559.01962 4216339.32556,484635.82067 4216450.22330
483999.94701 4216722.14886,484015.34239 4216706.53457
484015.34239 4216706.53457,484200.98481 4216604.16917
484015.34239 4216706.53457,484063.21437 4216549.01861,484063.94773 4216472.50270,484097.08607 4216405.81835,484268.19935 4216286.46463
484015.34239 4216706.53457,484238.99058 4216765.38061
484200.98481 4216604.16917,484238.99058 4216765.38061
484355.60507 4216306.14897,484268.19935 4216286.46463
484155.31865 4213777.18205,484157.75933 4213812.39102,484161.74036 4213888.84710
484155.31865 4213777.18205,484148.23200 4213662.92361,484138.75905 4213457.40660
483953.20000 4215029.70000,483952.00000 4214861.30000,484034.02380 4214482.07184,484066.41979 4214345.09396,484082.62500 4214276.57500,484099.80000 4214208.30000,484103.24655 4214193.81307
484103.24655 4214193.81307,484132.05263 4214072.73196,484140.82500 4214003.47500,484161.74036 4213888.84710
484336.66225 4214372.35672,484220.09116 4214235.96574,484172.45224 4214217.30896,484103.24655 4214193.81307
484486.78354 4214892.62800,484517.72879 4214732.50285,484342.74635 4214663.71471,484378.00141 4214491.89207,484376.98509 4214459.33508,484360.46394 4214430.41895,484336.66225 4214372.35672
483925.28235 4215249.86801,483938.81634 4215143.13442
483938.81634 4215143.13442,483953.20000 4215029.70000
483938.81634 4215143.13442,483891.08959 4215153.72957,483852.31724 4215171.43678,483785.26553 4215220.22644
484836.10000 4216890.40000,484716.27041 4216784.97703
484716.27041 4216784.97703,484534.18271 4216624.78099
484886.52941 4216940.27349,484836.10000 4216890.40000
484095.20528 4216849.87937,484125.03432 4216816.14785,484238.99058 4216765.38061
483193.67314 4216284.08594,483158.63721 4216098.58402,483129.90811 4215946.52709,483112.46521 4215777.64301,483110.00000 4215607.90000
483360.36491 4213966.47655,483120.30000 4213996.10000,483062.80000 4214002.35000,483034.05000 4214005.47500,483005.30000 4214008.60000
483005.30000 4214008.60000,482973.68977 4213910.80098
482973.68977 4213910.80098,482908.36060 4213908.71419
482908.36060 4213908.71419,482772.97838 4213921.61303
482772.97838 4213921.61303,482690.95301 4213772.21901,482688.10611 4213660.39247
483134.00000 4215328.90000,483142.10912 4215263.54481
483110.00000 4215607.90000,483112.60000 4215513.30000,483113.98608 4215497.32658,483114.66467 4215492.80497,483115.37215 4215481.35317,483120.11522 4215449.75371,483134.00000 4215328.90000
484200.98481 4216604.16917,484283.58745 4216560.80921,484416.97500 4216479.16216
483361.98002 4213612.76601,483368.12023 4213637.32151,483375.24670 4213661.71184,483387.52712 4213710.82285,483385.99982 4213762.24625,483385.49971 4213813.95863,483383.32722 4213844.31455,483360.36491 4213966.47655
483360.36491 4213966.47655,483410.41479 4214072.82244
484362.71453 4216073.55619,484453.50346 4216017.20832,484481.15934 4216000.38849,484430.69018 4215877.33023,484397.10000 4215742.50000
484397.10000 4215742.50000,484286.88766 4215577.34961
484397.10000 4215742.50000,484407.00071 4215488.06235,484419.99743 4215281.57167,484429.75000 4215162.75000,484439.50407 4215043.90984
484439.50407 4215043.90984,484486.78354 4214892.62800
483142.10912 4215263.54481,483406.67527 4215327.44031
483406.67527 4215327.44031,483588.17000 4215371.27319
483406.67527 4215327.44031,483294.84888 4215472.86089,483288.50589 4215477.74054,483286.25329 4215479.47347,483282.79701 4215483.39337,483277.06420 4215489.06551,483270.67913 4215493.97787,483244.08282 4215511.91260,483110.00000 4215607.90000
483110.00000 4215607.90000,483004.40000 4215632.20000,482707.30000 4215725.10000,482656.50000 4215744.30000,482610.90000 4215756.60000
483659.25580 4215383.95879,483588.17000 4215371.27319
484043.87953 4215414.26279,483979.10000 4215451.60000,483873.63722 4215517.84542,483764.51568 4215399.55639,483709.05631 4215382.14574
483709.05631 4215382.14574,483659.25580 4215383.95879
483410.41479 4214072.82244,483502.17293 4214267.53159,483541.93435 4214355.26240,483570.30688 4214468.16153,483585.45917 4214524.33621,483608.12780 4214577.77140,483699.61597 4214790.75619,483726.92340 4214941.95140,483758.84465 4215090.85624,483831.51719 4215291.95098,483797.01566 4215317.72701,483752.43178 4215323.96284,483709.05631 4215382.14574
483410.41479 4214072.82244,483344.94038 4214118.74013,483341.65000 4214245.35000,483321.67748 4214368.63300,483286.57422 4214502.53186,483232.00000 4214632.00000
482496.05927 4215489.74869,482560.74816 4215603.07173,482622.76279 4215717.75744,482666.42565 4215791.17392,482737.95000 4215887.15000,482776.17500 4215933.42500,482817.23397 4215976.87712,482888.20000 4216041.15000,482958.16074 4216107.21086
482789.88167 4216648.44138,482694.99352 4216619.10062,482633.48636 4216588.46754
482789.88167 4216648.44138,483041.80581 4216771.55230
483041.80581 4216771.55230,483161.32416 4216779.32138
483161.32416 4216779.32138,483405.49659 4216696.79353
483245.14365 4216892.16539,483161.32416 4216779.32138
482439.35361 4215393.61631,482496.05927 4215489.74869
483193.67314 4216284.08594,483209.33822 4216343.46696
483209.33822 4216343.46696,483217.64742 4216373.00647,483225.00331 4216402.84799,483273.49038 4216513.58246,483405.49659 4216696.79353
482958.16074 4216107.21086,483020.21728 4216185.50361,483043.96728 4216218.77861,483092.18257 4216284.61132,483107.70259 4216305.20470,483114.71418 4216316.17074,483116.30658 4216318.28386,483116.93401 4216330.74773,483209.33822 4216343.46696
483485.40000 4213498.90000,483547.53196 4213611.51065,483703.82675 4213596.75134,483809.92919 4213606.90704,483988.71630 4213752.19077,484155.31865 4213777.18205
483360.24934 4216964.00469,483245.14365 4216892.16539
483142.10912 4215263.54481,483163.34567 4215156.89653,483176.65402 4215123.35478,483229.50651 4214992.14220,483180.75000 4214843.15000,483151.87500 4214768.82500
483151.87500 4214768.82500,483107.59161 4214701.68204,483022.67246 4214544.89598,482950.40000 4214379.90000,482955.92302 4214169.46781
483232.00000 4214632.00000,483151.87500 4214768.82500
484503.97052 4216513.06254,484496.79661 4216495.71918,484475.65145 4216437.73919,484457.40290 4216378.97839,484417.79880 4216237.62203
484611.47500 4216463.72500,484561.10000 4216487.10000,484503.97052 4216513.06254
484534.18271 4216624.78099,484503.97052 4216513.06254
